241
242
244
245
246
247
248
249
250
251
680
681
682
683
684
685
686
687
688
689
690
691
697
698
699
700
701
702
703
704
705
706
707
708
709
717
718
719
720
1095
1096
1097
1098
1099
1100
1101
1102
1103
1104
1105
1111
1112
1113
1114
1115
1116
1117
1118
1119
1120
1121
1122
1123
1124
1125
1126
1127
1128
1134
1135
1136
1137
1138
1139
1140
1141
1142
1143
1144
1145
1205
1206
1207
1208
1209
1210
1211
1212
1213
1214
1215
1216
1217
1218
1225
1226
1227
1228
1229
1230
1231
1232
1233
1234
1235
1236
1242
1243
1244
1245
1246
1247
1248
1249
1250
1251
1252
1253
1254
1255
1256
1257
1258
1259
1265
1266
1267
1268
1269
1270
1271
1272
1273
1274
1275
1317
1318
1319
1320
1321
1322
1323
1324
1325
1326
1327
1328
1329
1330
1333
1334
1335
1336
1337
1338
1339
1340
1341
1342
1343
1344
1345
1346
1347
1348
1349
1350
1351
1352
1360
1361
1362
1363
1364
1365
1366
1367
1368
1369
1370
1371
1377
1378
1379
1380
1381
1382
1383
2004
2005
2006
2007
2008
2009
2010
2011
2012
2013
2014
2015
2016
2017
2018
2019
2020
2021
2022
2023
2024
2025
2026
2034
2035
2036
2037
2038
2039
2040
2041
2042
2043
2149
2150
2151
2152
2153
2154
2155
2156
6530
6531
6532
6533
6534
6535
6536
6537
6538
6539
6540
6541
6542
6543
7042
7043
7044
7045
7046
7047
7048
7049
7050
7051
7052
7053
7847
7848
7849
7850
7851
7852
7853
7854
7855
7856
7857
7858
7859
7860
7861
7862
7868
7869
7870
7871
7872
7873
7874
7875
7876
7877
7878
7879
7880
7881
7882
7883
7884
7885
7886
7887
7893
7894
7895
7896
7897
7898
7899
7900
7901
7902
7903
7904
7905
7906
7907
7908
7909
7915
7916
7917
7918
7919
7920
7921
7922
7923
7924
7930
7931
7932
7933
7934
7935
7936
8002
8003
8004
8011
8012
8013
8014
8015
8016
8017
8018
8019
8025
8026
8027
8028
8029
8030
8031
8032
8033
8034
8035
8036
8042
8043
8044
8045
8046
8047
8048
8049
8050
8051
8052
8053
8054
8055
8056
8062
8063
8064
9218
9219
9220
9221
9222
9223
9224
9225
9226
9227
9228
9942
9943
9944
9945
9946
9947
9948
9949
9950
9951
9952
9958
9959
9960
9961
9962
9963
9964
9965
9966
9967
9968
9969
9970
9971
9972
9973
9979
9980
9981
9982
9983
9984
10074
10075
10076
10077
10085
10086
10087
10088
10089
10090
10091
10092
10093
10094
10095
10096
10097
10098
10099
10105
10106
10107
10108
10109
10110
10111
10112
10403
10404
10405
10406
10407
10408
10409
10410
10411
10412
10413
10414
10415
10416
10417
10423
10424
10425
10426
10427
10428
10429
10430
10431
10432
10433
10434
10435
10436
10437
10438
10439
10440
10441
10442
10443
10444
10445
10446
10447
10448
10449
10450
10451
10452
10453
10454
10455
10462
10463
10464
10465
10466
10467
10468
10469
10470
10471
10473
10474
10475
10476
10477
10478
10479
10480
10482
10483
10484
10485
10486
10487
10488
10489
10490
10768
10769
10770
10771
10772
10773
10774
10775
10776
10777
10778
10784
10785
10786
10787
10788
10789
10790
10791
10792
10793
10794
10795
10802
10803
10804
10805
10806
10807
10808
10809
10817
10818
10825
10826
10827
10828
10829
10830
10831
10832
10833
10834
10835
10836
10842
10843
10844
10845
10846
10847
10848
10849
10850
10851
10852
10853
10854
10860
10861
10862
10863
10864
10865
10866
10867
10868
10869
10870
10876
10877
10878
10879
10880
12079
12080
12081
12082
12083
12084
12085
12086
12087
12088
12089
12090
12091
12092
12093
12094
12095
12101
12102
12103
12104
12105
12106
12107
12108
12109
12110
12111
12112
12118
12119
12120
12121
12122
12123
12124
12125
12126
12127
12133
12134
12135
12136
12137
12138
12139
12140
12141
12142
12148
12149
12150
12151
12152
12153
12154
12155
12156
12157
12158
12159
12160
12540
12541
12542
12543
12544
12583
12584
12585
12586
12587
12588
12589
12590
12591
12592
12598
12599
12600
12601
12602
12603
12604
12611
12612
12613
12614
12615
12616
12617
12618
12619
12620
12621
12628
12629
12630
12631
12632
12633
12634
12635
12636
12637
12645
12646
12647
12648
12649
12650
12651
12652
12653
12654
12655
12656
12657
12658
12661
12662
12663
12664
12665
12666
12667
12668
12669
12670
12760
12761
12762
12763
12764
12765
12766
12767
12768
12769
12770
12771
12772
12773
12774
12775
12776
12777
12778
12779
12780
12781
12782
12785
12786
12787
12788
12789
12790
12791
12792
12793
12794
12795
12796
12797
12798
12799
12800
12854
12855
12856
12857
12858
12859
12860
12861
12862
12863
12869
12870
12871
12872
12873
12874
12875
12876
12877
12878
12879
12885
12886
12887
12888
12889
12890
12891
12892
12893
12894
12895
12896
12904
12905
12906
12907
12908
12909
12910
12911
12912
12913
12914
12915
12916
12917
12918
12924
12925
12926
12927
12928
13030
13031
13032
13033
13034
13035
13036
13037
13038
13039
13055
13056
13128
13129
13130
13131
13132
13133
13134
13135
13136
13137
13138
13145
13146
13147
13148
13149
13150
13151
13152
13153
13154
13155
13156
13157
13158
13159
13160
13161
13162
13168
13169
13170
13171
13172
13173
13174
13175
13176
13177
13178
13179
13259
13260
13261
13262
13263
13264
13265
13266
13267
13268
13269
13270
13593
13594
13595
13596
13597
13598
13599
13600
13601
13602
13603
13604
13612
13613
13614
13615
13616
13617
13618
13619
13620
13621
13622
13917
13918
13919
13920
13921
13922
13929
13930
13931
13932
13933
13934
13935
13936
13937
13938
13939
13940
13941
13942
13943
13944
13950
13951
13952
15458
15459
15460
15461
15462
15463
15464
15465
15466
15467
15468
15469
15470
15477
15478
15479
15480
15481
15482
15483
15484
15485
15486
15487
15488
15675
15676
15677
15678
15679
15680
15681
15682
15688
15689
15690
15691
15692
15693
15694
15695
15696
15697
15698
15699
15705
15706
15707
15708
15709
15710
15711
15712
15713
15714
15715
15716
15722
15723
15724
15725
15726
15727
15728
15729
15730
15731
15732
15733
15734
15735
15736
15737
15738
15739
15740
15741
15742
16358
16359
16360
16361
16362
16363
16364
16365
16366
16367
16368
16369
16370
16376
16377
16378
16379
16869
16870
16871
16872
16873
16874
16875
16876
16877
16881
16882
16883
16884
16885
16886
16887
16888
16894
16895
16896
17534
17535
17536
18169
18170
18171
18218
18219
18224
18225
18226
18227
18228
18229
18230
18232
18233
18234
18235
18236
18237
18238
18239
18240
18241
18242
18243
18244
18245
18246
18248
18249
18250
18251
18252
18253
18254
18255
18256
18263
18264
18265
18266
18267
18268
18269
18270
18271
18277
18278
18279
18285
18286
18287
18288
18289
18290
18291
18292
18293
18301
18302
18303
18304
18774
18775
18776
18777
18778
18779
18780
18781
18782
18783
18786
18787
18788
18789
18790
18791
18792
18793
18794
18795
18796
18797
18798
18799
18805
18806
18807
18808
18809
18810
18811
18812
18813
18814
18815
18816
19159
19160
19161
19162
19163
19164
19165
19166
19167
19168
19169
19170
19176
19177
19178
19179
19180
19181
19182
19183
19184
19185
19191
19192
19193
19194
19195
19196
19197
19198
19199
19200
19269
19270
19271
19272
19273
19274
19275
19276
19277
19278
19279
19280
19281
19282
19283
19284
19291
19292
19293
19294
19295
19296
19297
19298
19299
19300
19301
19302
19303
19304
19305
19306
19307
19308
19309
19310
19311
19312
19313
19314
19315
19317
19318
19319
19320
19321
19322
19323
19324
19325
19326
19327
19328
19420
19421
19422
19423
19424
19425
19426
19427
19428
19429
19430
19431
19432
19433
19434
19435
19436
19437
19443
19444
19445
19446
19447
19448
19449
19450
19451
19452
19453
19625
19626
19627
19628
19629
19630
19631
19632
19633
19634
19635
19636
19642
19643
19644
19645
19646
19647
19648
19649
19650
19651
19658
19659
19660
19661
19662
19663
19664
19665
19666
19667
19668
19669
19670
19671
19672
19673
19674
19675
19676
19677
19678
19679
19682
19683
19684
19685
19686
19687
19688
19689
19690
19691
19692
19693
19694
19695
19697
19698
19699
19700
19701
19702
19703
19704
19705
19706
20112
20113
20114
20115
20116
20117
20118
20119
20120
20121
20122
20123
20124
20125
20126
20127
20128
20129
20130
20131
20132
20133
20134
20141
20142
20143
20144
20145
20146
20147
20148
20149
20150
20151
20152
20153
20154
20155
20156
20157
20158
20165
20166
20167
20168
20169
20170
20171
20172
20173
20174
20175
20176
20177
20178
20179
20180
20181
20182
20189
20190
20191
20192
20193
20194
20195
20196
20197
20198
20199
20201
20202
20203
20204
20205
20206
20207
20208
20209
20210
20211
20212
20213
20214
20215
20221
20222
20223
20224
20531
20532
20533
20534
20535
20536
20537
20543
20544
20545
20546
20547
20548
20549
20556
20557
20558
20559
20560
20561
20562
20563
20570
20571
20572
20573
20574
20575
20576
20577
20578
20579
20580
20581
20582
20583
20584
20585
20586
20587
20588
20589
20590
20591
20592
20593
20595
20596
20597
20598
20599
20600
20601
20602
20603
20604
20605
20606
21090
21355
21356
21357
21358
21359
21360
21361
21362
21363
21370
21371
21372
21373
21374
21375
21376
21634
21635
21636
21637
21638
21639
21640
21641
21642
21643
21644
21645
22046
22047
22048
22049
22050
22051
22057
22058
22059
22060
22061
22062
22063
22064
22065
22066
22067
22068
22069
22070
22071
22072
22073
22074
22075
22076
22077
22078
22079
22086
22087
22088
22089
22090
22091
22092
22093
22094
22095
22096
22097
22098
22099
22100
22103
22104
22105
22106
22107
22108
22109
22110
22111
22112
22113
22114
22115
22122
22123
22124
22125
22126
22127
22128
22129
22130
22131
22132
22133
22139
22140
22141
22142
22143
22144
22336
22337
22338
22339
22345
22346
22347
22348
22349
22350
22351
22352
22353
22354
22355
22356
22625
22626
22627
22628
22629
22630
22631
22632
22633
22634
22635
22642
22643
22644
22645
22646
22647
22648
22649
22650
22651
22652
22653
22654
22655
22656
22825
22826
22827
22828
22829
22830
22831
22832
22833
22834
22835
22836
22837
22838
22839
22840
23060
23061
23062
23063
23064
23065
23066
23067
23068
23069
23070
23076
23077
23078
23079
23080
23081
23082
23083
23084
23085
23093
23094
23095
23096
23097
23098
23099
23100
23101
23102
23103
23104
23105
23106
23107
23108
23110
23111
23112
23113
23114
23115
23116
23117
23118
23124
23130
23131
23132
23133
23134
23135
23136
23137
23138
23139
23140
23141
23142
23143
23144
23145
23151
23152
23153
23154
23155
23156
23157
23158
23159
23160
23161
23162
23163
23164
23166
23167
23168
23222
23223
23224
23225
23226
23227
23228
23229
23230
23231
23232
23234
23235
23236
23237
23238
23239
23240
23241
23242
23243
23244
23245
23247
23248
23249
23250
23251
23252
23253
23254
23255
23256
23257
23258
23259
23260
23261
23262
23265
23266
23267
23268
23269
23270
23271
23272
23273
23279
23280
23281
23282
23283
23284
23285
23286
23287
23293
23294
23295
23296
23362
23363
23364
23365
23366
23367
23376
23377
23378
23379
23380
23381
23382
23383
23384
23385
23386
23387
23388
23389
23397
23398
23399
23400
23401
23402
23403
23411
23412
23413
23414
23415
23416
23417
23418
23419
23420
23421
23422
23423
23424
23508
23509
23516
23517
23518
23519
23520
23521
23522
23523
23524
23525
23526
23527
23528
23535
23536
23537
23538
23539
23540
23541
23542
23543
23544
23545
23546
23547
23548
23549
24114
24115
24116
24117
24118
24119
24120
24121
24122
24123
24124
24125
24126
24127
24128
24133
24134
24135
24136
24137
24138
24139
24140
24141
24142
24143
24150
24151
24152
24153
24154
24155
24156
24157
24158
24159
24160
24161
24162
24163
24169
24170
24171
24172
24173
24174
24175
24176
24177
24178
24179
24180
24181
24182
24183
24184
24191
24192
24227
24228
24229
24230
24231
24232
24233
24236
24237
24238
24239
24247
24248
24249
24250
24251
24252
24253
24254
24255
24256
24257
24258
24261
24262
24263
24264
24265
24266
24267
24268
24269
24270
24271
24279
24280
24281
24282
24283
24284
24285
24286
24287
24288
24289
24290
24291
24292
24295
24296
24297
24298
24299
24300
24301
24302
24303
24304
24305
24313
24314
24315
24316
24317
24318
24319
24320
24475
24476
24477
24478
24479
24480
24481
24482
24483
24489
24490
24491
24492
24493
24494
24495
24496
24497
24498
24506
24507
24508
24509
24510
24511
24512
24513
24514
24515
24516
24517
24518
24519
24520
24526
24527
24529
24530
24531
24532
24533
24534
24535
24536
24537
24538
24539
24540
24541
24542
24543
24544
24550
24551
24552
24553
24554
24555
24556
24562
24563
24564
24565
24566
24567
24568
24569
24570
24571
24572
24573
24574
24575
24576
26030
26031
26032
26033
26034
26035
26036
26037
26038
26039
26045
26046
26047
26048
26049
26050
26051
26052
26053
26054
26055
26056
26062
26063
26064
26065
26066
26067
26068
26069
26070
26071
26072
26073
26074
26075
26076
26082
26083
26084
26085
26086
26087
26088
26089
26090
26091
26092
26093
26094
26095
26096
26097
26103
26104
26105
26106
26107
26108
26109
26110
26111
26112
26153
26154
26155
26156
26157
26158
26159
26160
26161
26162
26166
26167
26169
26170
26171
26172
26173
26174
26175
26176
26185
26186
26187
26188
26189
26190
26191
26192
26193
26194
26195
26196
26197
26198
26199
26200
26201
26202
26203
26204
26205
26206
26213
26214
26215
26216
26217
26218
26219
26220
26221
26222
26223
26224
26225
26226
26232
26233
26234
26235
26236
26237
26238
26239
26240
26794
26795
26796
26797
26798
26799
26800
26801
26802
26803
26804
26805
26806
26818
26819
26820
26821
26822
26823
26824
26825
26826
26827
26828
26829
26836
26837
26838
26839
26840
26841
26842
26843
26844
26845
26846
26847
26848
26849
26850
26851
26852
26853
26854
26855
26856
26857
26858
26859
26866
26867
26868
26869
26870
26871
26878
26879
26880
26982
26983
26984
26985
26986
26987
26988
26989
26990
26991
26992
26995
26996
26997
26998
26999
27000
27001
27002
27003
27004
27005
27076
27484
27485
27486
27487
27488
27489
27490
27491
27492
27493
27494
27495
27496
27497
27498
27499
27500
27501
27509
27510
27511
27512
27513
27514
27723
27724
27725
27726
27727
27728
27729
27730
27731
27732
27733
27734
27839
27840
27841
27842
27843
27845
27846
27847
27848
27849
27850
27851
27852
27854
27855
27856
27857
27858
27859
27860
27861
27862
27863
27864
27867
27868
27869
27870
27871
27872
27873
27874
27875
27876
27877
27878
27879
27880
27881
27882
27883
27891
27892
27893
27894
27895
27896
27897
27898
27899
27900
27953
27959
27960
27961
27962
27963
27964
27965
27966
27967
27968
27969
27970
27971
27972
27973
27974
27975
27976
27977
27978
27979
27981
27982
27983
27984
27985
27986
27987
27988
27989
27996
27997
27998
27999
28000
28001
28002
28010
28011
28012
28013
28014
28015
28016
28017
28018
28019
28020
28021
28022
28023
28024
28025
28026
28027
28028
28029
28030
28031
28047
28048
28049
28050
28051
28052
28053
28054
28055
28056
28065
28066
28067
28068
28069
28070
28071
28072
28073
28074
28075
28076
28077
28078
28085
28086
28087
28088
28089
28090
28091
28092
28093
28094
28095
28096
28097
28098
28104
28105
28106
28107
28108
28109
28110
28111
28112
28113
28114
28115
28116
28123
28124
28125
28126
28127
28128
28129
28130
28131
28132
28133
28141
28142
28143
28144
28145
28146
28147
28148
28149
28150
28151
28152
28153
28154
28155
28322
28323
28324
28325
28326
28327
28328
28329
28330
28336
28337
28338
28339
28340
28341
28342
28343
28344
28345
28353
28354
28355
28356
28357
28358
28359
28360
28361
28375
28376
28377
28378
28379
28380
28381
28382
28383
28384
28385
28386
28388
28389
28390
28391
28392
28393
28394
28395
28396
28397
28398
28399
28400
28401
28402
28409
28410
28411
28412
28413
28414
28415
28416
28512
28513
28519
28520
28521
28522
28523
28524
28525
28526
28527
28528
28529
28530
28531
28532
29331
29332
29333
29334
29335
29336
29337
29338
29339
29340
29341
29342
29343
29344
29345
29346
29347
29348
29349
29350
29357
29358
29359
29360
29361
29362
29363
29364
29365
29366
29367
29368
29374
29375
29376
29377
29378
29379
29380
29381
29382
29383
29758
29759
29760
29761
29762
29763
29764
29765
29766
29775
29776
29777
29778
29779
29780
29781
29782
29783
29784
29785
29786
29787
29788
29789
29790
29794
29795
29796
29797
29798
29799
29800
29801
29802
29803
29804
29805
29806
29807
29808
29809
29815
29816
29817
29818
29819
29820
29821
29822
29823
30594
30595
30596
30597
30598
30599
30600
30601
30602
30603
30604
30605
30606
30607
31746
31747
31748
31749
31750
31751
31874
31875
31876
31877
31878
31879
31880
31881
31882
32002
32003
32004
32005
32006
32007
32008
32009
32010
32011
32012
32013
46778
46779
46780
46781
46782
46783
46784
46785
46786
46787
46788
46789
46790
46791
46797
46798
46799
46800
46801
46802
46803
46804
46805
46806
46812
46813
46814
46815
46816
46817
46818
46819
46826
46827
46828
46829
46830
46831
46832
46833
46834
46835
46836
46837
46838
46839
46845
46846
46847
46848
46887
46888
46889
46890
46891
46892
46893
46894
46895
46896
46897
46904
46905
46906
46907
46908
46909
46910
46911
46912
46913
46920
46921
46922
46923
46924
46925
46926
46927
46928
46929
46930
46931
46932
46933
46941
46942
46943
46944
46945
46946
46947
46948
46949
47002
47003
47004
47005
47006
47007
47008
47009
47010
47011
47012
47013
47019
47020
47021
47022
47028
47029
47030
47031
47032
47033
47034
47035
47041
47042
47043
47044
47045
47046
47047
47048
47049
47050
47051
47052
48154
48155
48156
48157
48158
48159
48160
48161
48162
48163
48164
48165
48166
48168
48169
48170
48171
48172
48173
48174
48175
48176
48177
48178
48179
48180
48181
48187
48188
48189
48190
48191
48192
48193
48194
48195
48196
48197
48198
48199
48200
48201
48202
48203
48204
48205
48206
48207
48208
48209
48211
48212
48213
48214
48215
48216
48217
48218
48219
48220
48221
48222
48223
48229
48230
48231
48232
48233
48234
48235
48236
48237
48238
48246
48247
48248
48249
48250
48251
48252
48253
48254
48255
48279
48280
48281
48282
48283
48284
48285
48286
48287
48288
48289
48290
48291
48292
48293
48294
48295
48301
48302
48303
48304
48305
48306
48307
48308
48309
48310
48316
48317
48318
48319
48320
48321
48322
48323
48324
48325
48331
48332
48333
48334
48335
48336
48337
48338
48339
48340
48341
48342
48343
48344
48345
48346
48347
48348
49053
49054
49055
49056
49057
49058
49059
49060
49061
49062
49063
49069
49070
49076
49077
49078
49079
49080
49081
49082
49083
49084
49085
49086
49087
49088
49089
49097
49098
49099
49100
49101
49102
49103
49104
49112
49113
49114
49115
49116
49117
49118
49119
49120
49121
49122
49123
49124
49125
49126
49127
49131
49132
49133
49134
49135
49136
49137
49138
49139
49140
49141
49142
49143
49144
49145
49146
49147
49978
49979
49980
49981
49982
49983
49984
49985
49986
49987
49988
49994
49995
49996
49997
49998
50005
50006
50007
50008
50009
50010
50011
50012
50013
50014
50015
50016
50017
50018
50019
50020
50021
50022
50023
50024
50025
50026
50027
50028
50029
50030
50031
50033
50034
50035
50036
50037
50038
50039
50040
50041
50042
50043
50102
50103
50104
50105
50106
50107
50108
50109
50110
50111
50112
50113
50114
50115
50116
50117
50123
50124
50125
50126
50127
50128
50129
50130
50131
50132
50133
50134
50135
50136
50137
50138
50147
50148
50149
50150
50151
50152
50153
50154
50155
50156
50157
50163
50164
50165
50166
50167
50168
50169
50170
50171
50172
50173
50174
50175
50270
50271
50272
50273
50274
50275
50276
50277
50278
50279
50285
50286
50287
50288
50289
50290
50291
50292
50293
50294
50295
50296
50297
50298
50299
50300
50301
50302
50303
50304
51131
51132
51133
51134
51135
51136
51137
51138
51139
51140
51146
51147
51148
51149
51150
51151
51152
51153
51154
51155
51156
51162
51163
51164
51165
51166
51167
51168
51169
51170
51171
51172
51179
51180
51181
51182
51183
51184
51190
51191
51192
51193
51194
51195
51196
51197
51198
51199
51200
51254
51255
51256
51257
51258
51259
51260
51261
51262
51263
51270
51271
51272
51273
51274
51275
51276
51277
51278
51279
51280
51281
51287
51288
51289
51290
51291
51292
51293
51294
51295
51296
51297
51298
51299
51300
51301
51302
51303
51309
51310
51311
51312
51313
51314
51315
51316
51317
51318
51319
51321
51322
51323
51324
51325
51326
51327
51328
51577
51578
52241
52242
52243
52244
52245
52246
52247
52248
52249
52250
52251
52252
52253
52259
52260
52261
52262
52263
52264
52265
52266
52267
52268
52269
52270
52276
52277
52278
52279
52280
52281
52282
52283
52284
52285
52286
52292
52293
52294
52295
52296
52297
52298
52299
52300
52301
52302
52303
52310
52311
52312
52313
52314
52315
52316
52317
52318
52319
52326
52327
52328
52329
52330
52331
52338
52339
52340
52341
52342
52343
52344
52345
52346
52347
52348
52349
52350
52351
52352
53030
53031
53032
53033
53034
53035
53036
53037
53038
53039
53040
53041
53042
53043
53044
53045
53046
53047
53048
53049
53050
53051
53052
53053
53064
53065
53066
53067
53068
53069
53070
53071
53072
53073
53074
53075
53076
53077
53078
53079
53080
53081
53082
53083
53086
53087
53088
53089
53090
53091
53092
53093
53094
53095
53096
53097
53098
53099
53100
53101
53108
53109
53110
53111
53112
53113
53114
53115
53116
53117
53118
53119
53120
53241
53242
53243
53244
53245
53246
53247
53587
53588
53589
53590
53591
53592
53593
53594
53595
53596
53597
53598
53599
53600
53601
53602
53603
53604
53605
53606
53607
53608
53609
53610
53611
53612
53613
53614
53615
53616
53617
53618
53619
53620
53621
53622
53623
53624
53625
53626
53627
53629
53630
53631
53632
53869
53870
53871
53872
53873
53874
53875
53876
53877
53878
53879
53880
53881
53882
53883
53884
53885
53954
53955
53956
53957
53958
53959
53960
53961
53962
53963
53964
53965
53966
53967
53968
53969
53970
53971
53972
53973
53974
53975
53976
53977
53978
53979
53980
53987
53988
53989
53990
53991
53992
53993
53994
53995
53996
53997
53998
53999
54000
54001
54008
54009
54010
54011
54012
54013
54014
54015
54016
54100
54101
54102
54103
54104
54105
54106
54107
54108
54109
54110
54111
54113
54114
54115
54116
54117
54118
54119
54120
54121
54122
54123
54124
54125
54126
54129
54130
54131
54132
54133
54134
54140
54141
54142
54143
54144
54229
54230
54231
54232
54233
54239
54240
54241
54242
54243
54244
54245
54246
54247
54255
54256
54257
54258
54259
54260
54261
54262
54263
54264
54272
54323
54324
54325
54326
54327
54328
54329
54330
54331
54332
54333
54340
54341
54342
54343
54344
54345
54346
54347
54348
54349
54350
54351
54353
54354
54355
54356
54357
54358
54359
54360
54361
54362
54363
54364
54365
54366
54374
54375
54376
54377
54378
54379
54380
54389
54390
54391
54392
54393
54394
54395
54396
54397
54398
54399
54400
54593
54594
54595
54596
54597
54598
54599
54600
54601
54602
54603
54604
54605
54606
54607
54608
54610
54611
54612
54613
54614
54615
54616
54617
54618
54619
54620
54621
54622
54623
54624
54631
54632
54633
54634
54635
54636
54637
54638
54644
54645
54646
54647
54648
54649
54650
54651
54652
54653
54654
54655
54656
55242
55243
55244
55245
55246
55247
55248
55249
55250
55251
55252
55258
55259
55260
55261
55262
55263
55264
55265
55266
55267
55273
55274
55275
55276
55277
55278
55279
55280
55281
55282
55283
55284
55292
55293
55294
55295
55296
55485
55486
55487
55488
55489
55490
55491
55492
55493
55499
55500
55501
55502
55503
55504
55505
55506
55507
55508
55509
55510
55511
55512
55514
55515
55516
55517
55518
55519
55520
55521
55522
55523
55528
55529
55530
55531
55532
55533
55534
55535
55536
55537
55543
55544
55545
55546
55547
55548
55549
55550
55551
55552
55678
55679
56180
56181
56182
56183
56184
56185
56186
56187
56188
56189
56190
56191
56192
56386
56387
56388
56389
56390
56391
56392
56393
56394
56402
56403
56404
56405
56406
56407
56408
56409
56410
56411
56412
56413
56414
56415
56416
56417
56420
56421
56422
56423
56424
56425
56426
56427
56428
56429
56430
57794
57795
57796
57797
57798
57799
57800
57801
57802
57803
57804
57805
57806
57813
57814
57815
57816
57817
57818
57819
57820
57821
57822
57823
57824
57825
57826
57832
57833
57834
57835
57836
57837
57838
57839
57840
57841
57842
57843
57844
57852
57853
57854
57855
57856
58184
58185
58186
58187
58188
58189
58190
58191
58192
58193
58194
58195
58196
58198
58199
58200
58201
58202
58203
58204
58205
58206
58207
58208
58209
58210
58211
58212
58213
58214
58273
58274
58275
58276
58277
58278
58279
58280
58281
58282
58283
58284
58285
58286
58287
58288
58289
58295
58296
58297
58298
58299
58305
58306
58307
58308
58309
58310
58311
58312
58319
58320
58321
58322
58323
58324
58325
58326
58327
58328
58329
58330
58331
58332
58333
58334
58335
58336
58337
58338
58346
58347
58348
58349
58350
58351
58352
58353
58354
58355
58356
58363
58364
58365
58366
58367
58368
58464
58465
58466
58467
58468
58475
58476
58477
58478
58479
58480
58481
58482
58483
58484
58486
58487
58488
58489
58490
58491
58492
58493
58494
58495
58496
58594
58595
58596
58597
58603
58604
58605
58606
58607
58608
58614
58615
58616
58617
58618
58619
58620
58621
58622
58623
58624
58639
58640
58641
58642
58643
59411
59412
59413
59414
59415
59416
59417
59418
59419
59420
59421
59422
59423
59430
59431
59432
59433
59434
59435
59436
59437
59438
59439
59440
59441
59442
59443
59444
59445
59446
59447
59448
59449
59455
59456
59457
59458
59459
59460
59843
59844
59845
59846
59847
59848
59849
59850
59856
59857
59858
59859
59860
59861
59862
59863
59864
59865
59871
59872
59873
59874
59875
59876
59883
59884
59885
59886
59887
59888
59889
59890
59891
59892
59899
59900
59901
59902
59903
59904
60835
60836
60837
60838
60839
60840
60841
60842
60843
60844
60850
60851
60852
60853
60854
60855
60856
60857
60858
60859
60860
60861
60862
60863
60864
60865
60873
60874
60875
60876
60877
60878
60879
60880
60881
60882
60888
60889
60890
60891
60892
60893
60894
60901
60902
60903
60904
60905
60912
60913
60914
60915
60916
60917
60918
60919
60920
60921
60922
60923
60924
60925
60926
60927
60928
61023
61024
61025
61026
61027
61028
61029
61030
61031
61037
61038
61039
61040
61041
61042
61043
61044
61045
61046
61047
61048
61055
61056
61115
61116
61117
61118
61119
61120
61121
61122
61123
61124
61125
61126
61127
61128
61129
61130
61131
61132
61133
61134
61141
61142
61143
61144
61145
61146
61147
61148
61149
61150
61159
61160
61161
61163
61164
61165
61166
61167
61168
61169
61170
61171
61175
61176
61177
61178
61179
61180
61181
61182
61183
61184
61253
61254
61255
61256
61257
61258
61259
61265
61266
61267
61268
61269
61270
61271
61272
61273
61274
61275
61276
61277
61278
61279
61280
61281
61282
61283
61291
61292
61293
61294
61295
61296
61297
61298
61299
61300
61301
61302
61303
61304
61305
61306
61307
61324
61325
61326
61327
61328
61329
61330
61336
61337
61338
61339
61340
61341
61342
61343
61344
61345
61346
61347
61348
61349
61350
61351
61357
61358
61359
61360
61361
61362
61363
61364
61365
61366
61372
61373
61374
61375
61376
61377
61378
61379
61380
61381
61382
61383
61384
61385
61386
61387
61392
61393
61394
61395
61396
61397
61398
61399
61400
61401
61402
61408
61409
61410
61411
61412
61413
61414
61415
61416
61417
61418
61419
61420
61421
61422
61423
61424
61425
61432
61433
61434
61435
61436
61437
61438
61439
61440
61763
61764
61765
61766
61767
61768
61775
61776
61777
61778
61779
61780
61781
61782
61783
61784
61785
61791
61792
61793
61794
61795
61796
61797
61798
61799
61808
61809
61810
61811
61812
61813
61814
61815
61816
61817
61818
61819
61820
61821
61910
61911
61912
61913
61914
61915
61923
61924
61925
61926
61927
61928
61929
61930
61931
61932
61933
61934
61935
61936
61937
61938
61939
61940
61941
61942
61943
61944
61945
61946
61947
61948
61949
61950
61951
61952
62225
62229
62230
62231
62232
62233
62234
62235
62236
62237
62238
62239
62240
62241
62242
62243
62244
62245
62246
62247
62248
62249
62428
62429
62430
62431
62432
62433
62434
62435
62436
62437
62438
62439
62440
62441
62442
62443
62444
62445
62446
62447
62454
62455
62456
62457
62458
62459
62460
62461
62462
62463
62464
62865
62866
62867
62868
62869
62870
62871
62872
62873
62874
62875
62876
62877
62878
62879
62880
62881
62882
62883
62889
62890
62891
62892
62893
62894
62895
62896
62897
62898
62899
62900
62901
62902
62903
62904
62905
62906
62907
62908
62909
62916
62917
62918
62919
62920
62921
62922
62923
62924
62925
62926
62932
62933
62934
62935
62936
62937
62944
62945
62946
62947
62948
62949
62950
62951
62952
62953
62954
62955
62956
62957
62958
62959
62966
62967
62968
62969
62970
62971
62972
62973
62974
62975
62976
63856
63857
63858
63859
63860
63861
63862
63863
63864
63865
63866
63867
63868
63869
64143
64144
64145
64146
64147
64148
64149
64150
64151
64152
64162
64163
64164
64165
64166
64167
64168
64169
64170
64171
64177
64178
64179
64180
64181
64182
64183
64184
64185
64186
64192
64193
64194
64195
64196
64197
64198
64199
64200
64201
64208
64209
64210
64211
64212
64213
64214
64215
64216
64217
64224
64225
64226
64227
64230
64231
64232
64233
64234
64235
64236
64243
64244
64245
64246
64247
64248
64249
64250
64251
64252
64658
64659
64660
64661
64662
64663
64664
64665
64666
64667
64668
64669
64670
64671
64672
64673
64674
64675
64676
64677
64678
64679
64680
64681
64682
64689
64690
64691
64692
64693
64694
64695
64696
64697
64703
64704
64705
64706
64707
64708
64709
64716
64717
64718
64719
64720
64721
64722
64723
64724
64725
64726
64727
64734
64735
64736
64737
64738
64739
64740
64741
64742
64743
64750
64751
64752
64753
64754
64755
64756
64757
64758
64759
64766
64767
64768
64788
64789
64790
64791
64792
64793
64794
64795
64796
64797
64804
64805
64806
64807
64808
64809
64810
64811
64812
64813
64814
64815
64821
64822
64823
64824
64825
64826
64827
64828
64829
64840
64841
64842
64843
64844
64845
64846
64847
64848
64849
64850
64856
64857
64858
64859
64860
64861
64862
64863
64864
64865
64866
64867
64868
64869
64870
64880
64881
64882
64883
64884
64885
64886
64887
64888
64889
64965
64966
64967
64968
64969
64976
64977
64978
64979
64980
64981
64982
64983
64984
64985
64986
64987
64988
64989
64990
64991
64992
64993
64994
64995
64996
65003
65004
65005
65006
65007
65008
65009
65010
65011
65012
65013
65014
65015
65016
65017
65169
65170
65171
65172
65173
65174
65175
65176
65177
65183
65184
65185
65186
65187
65188
65189
65190
65191
65192
65193
65194
65429
65430
65431
65432
65433
65434
65435
65436
65437
65438
65439
65440
65679
65680
65681
65682
65683
65684
65685
65686
65692
65693
65694
65695
65696
65697
65698
65699
65700
65701
65707
65708
65709
65710
65711
65712
65719
65720
65721
65722
65723
65724
65725
65726
65727
65733
65734
65735
65736
65737
65738
65739
65740
65741
65742
65743
65744
65745
65748
65749
65750
65751
65752
65753
65754
65755
65756
65757
65758
65759
65821
65822
65823
65824
65825
65826
65827
65828
65829
65830
65831
65832
65833
65834
65835
65836
65837
65839
65840
65841
65842
65843
65844
65845
65846
65847
65848
65849
65850
65851
65852
65853
65854
65860
65861
65862
65863
65864
65865
65866
65867
65868
65879
65880
65881
65882
65883
65884
65885
65886
65887
65888
65889
65890
65891
65892
65893
65900
65901
65902
65903
65904
65905
65906
65907
65908
65909
65910
65911
65919
65920
67512
67513
67514
67515
67516
67517
67518
67519
67525
67526
67527
67528
67529
67530
67531
67532
67533
67534
67535
67536
67537
67538
67539
67542
67543
67544
67545
67546
67547
67548
67549
67555
67556
67557
67558
67559
67560
67561
67562
67563
67564
67565
67571
67572
67573
67574
67575
67582
67583
67584
67751
67752
67753
67754
67755
67756
67757
67758
67759
67760
67761
67768
67769
67770
67771
67772
67773
67780
67781
67782
67783
67784
67785
67786
67787
67788
67789
67790
67791
67792
67798
67799
67800
67801
67802
67803
67804
67805
67806
67807
67808
67809
67810
67816
67817
67818
67819
67820
67821
67822
67823
67824
67825
67826
67827
67828
67829
67835
67836
67837
67838
67839
67840
67855
67856
67857
67858
67859
67860
67861
67862
67870
67871
67872
67873
67874
67875
67876
67877
67878
67879
67880
67881
67882
67883
67884
67890
67891
67892
67893
67894
67895
67896
67897
67898
67899
67905
67906
67907
67908
67909
67910
67911
67912
67913
67919
67920
67921
67922
67923
67924
67925
67926
67927
67928
67929
67930
67931
67932
67933
67934
67935
67936
67942
67943
67944
67945
67946
67947
67948
67949
67950
67956
67957
67958
67959
67960
67961
67962
67963
67964
67965
67966
68018
68019
68020
68021
68022
68023
68024
68025
68026
68027
68028
68029
68030
68031
68032
68033
68040
68041
68042
68043
68044
68045
68046
68047
68048
68049
68055
68056
68057
68058
68059
68060
68061
68062
68063
68064
68065
68066
68073
68074
68075
68076
68077
68078
68079
68080
68081
68082
68083
68084
68085
68091
68092
68093
68094
68095
68096
68394
68395
68396
68397
68398
68399
68407
68408
68409
68410
68411
68412
68413
68414
68415
68416
68417
68418
68419
68420
68421
68422
68423
68424
68431
68432
68433
68434
68435
68436
68437
68438
68439
68440
68441
68442
68443
68444
68445
68446
68452
68453
68454
68455
68456
68457
68458
68459
68460
68461
68462
68463
68464
68465
68466
68467
68468
68469
68470
68471
68472
68473
68474
68475
68498
68499
68500
68501
68502
68503
68504
68505
68506
68507
68508
68509
68510
68511
68512
68513
68514
68515
68516
68517
68518
68519
68520
68521
68522
68523
68524
68525
68526
68527
68528
68529
68530
68536
68537
68538
68539
68540
68541
68542
68543
68544
68545
68546
68547
68548
68554
68555
68556
68557
68558
68559
68560
68561
68562
68563
68564
68565
68566
68567
68568
68569
68570
68578
68579
68580
68581
68582
68583
68584
68585
68586
68587
68588
68589
68590
68591
68592
68593
68594
68595
68596
68597
68604
68605
68606
68607
68608
68820
68821
68822
68823
68824
68825
68826
68833
68834
68835
68836
68837
68838
68839
68840
68841
68842
68843
68844
68845
68853
68854
68855
68856
68857
68858
68859
68860
68861
68862
68863
68864
68910
68911
68912
68913
68914
68915
68916
68917
68926
68927
68928
68929
68930
68931
68932
68933
68934
68940
68941
68942
68943
68944
68945
68946
68947
68948
68949
68950
68951
68952
68953
68954
68960
68961
68962
68963
68964
68965
68971
68972
68973
68974
68975
68976
68977
68978
68979
68980
68981
68982
68983
68984
68985
68986
68992
69005
69006
69007
69008
69009
69010
69011
69012
69013
69014
69015
69016
69017
69018
69019
69025
69026
69027
69028
69029
69030
69031
69032
69033
69034
69040
69041
69042
69043
69044
69045
69046
69047
69048
69049
69050
69051
69052
69053
69060
69061
69062
69063
69064
69065
69066
69067
69068
69069
69070
69071
69072
69073
69074
69075
69081
69082
69083
69084
69085
69086
69087
69088
69089
69090
69099
69100
69101
69102
69103
69104
69105
69106
69107
69108
69109
69117
69118
69119
69120
69296
69956
69957
69958
69959
69960
69961
69962
69963
69964
69965
69973
69974
69975
69976
69977
69978
69979
69980
69981
69982
69988
69989
69990
69991
69992
69993
69994
70001
70002
70003
70004
70005
70006
70007
70008
70015
70016
70159
70160
70161
70162
70163
70164
70165
70166
70167
70336
70337
70338
70339
70340
70341
70342
70343
70344
70345
70346
70347
70348
70354
70355
70356
70357
70358
70359
70360
70361
70362
70363
70364
70370
70371
70372
70373
70374
70375
70376
70377
70378
70379
70380
70381
70382
70383
70384
70385
70386
70387
70388
70389
70390
70391
70398
70399
70400
70673
70674
70675
70676
70677
70678
70679
70680
70681
70688
70689
70690
70691
70692
70693
70694
70695
70805
70806
70807
70809
70810
70811
70813
70814
70815
70816
70817
70818
70819
70820
70821
70822
70823
70824
70830
70831
70832
70833
70834
70835
70836
70837
70838
70839
70845
70846
70847
70848
70849
70850
70851
70852
70853
70854
70855
70856
70857
70858
70859
70860
70861
70862
70863
70864
70865
70866
70867
70868
70869
70870
70871
70872
70879
70880
70881
70882
70883
70884
70885
70886
70887
70888
70896
70899
70900
70901
70902
70903
70904
70905
70906
70907
70908
70909
70910
71951
71952
71953
71954
71955
71956
71957
71958
71959
71960
71961
71962
71963
71964
71970
71971
71972
71973
71974
71975
71976
71977
71978
71979
71980
71981
71982
71983
71984
71985
71986
71987
72498
72499
72500
72501
72502
72503
72504
72505
72506
72507
72508
72509
72515
72516
72517
72518
72519
72520
72521
72522
72523
72524
72525
72526
72527
72535
72536
72537
72538
72539
72540
72541
72542
72543
72544
72545
72546
72547
72548
72554
72555
72556
72557
72558
72559
72560
72561
72562
72563
72564
72565
72566
72567
72568
72569
72571
72572
72573
72574
72575
72576
72862
72863
72864
72865
72866
72867
72868
72869
72870
72871
72872
72873
72874
72875
72881
72882
72883
72884
72885
72886
72887
72888
72889
72890
72899
72900
72901
72902
72903
72904
72905
72906
72907
72908
72909
72910
72911
72912
72913
72914
72915
72916
72917
72918
72919
72920
72921
72929
72930
72931
72932
72933
72934
72935
72936
72937
72938
72977
72978
72979
72980
72981
72982
72983
72984
72985
72986
72987
72988
72989
72990
72991
72992
72993
72994
72995
73002
73003
73004
73005
73006
73007
73008
73009
73010
73011
73012
73013
73014
73015
73238
73239
73240
73241
73242
73243
73244
73245
73252
73253
73254
73255
73256
73257
73258
73259
73260
73261
73262
73263
73264
73265
73266
73267
73268
73269
73270
73277
73278
73279
73280
73281
73282
73283
73284
73285
73286
73294
73295
73296
73297
73298
73299
73300
73301
73302
73303
73304
73305
73311
73312
73313
73314
73315
73316
73317
73318
73319
73320
73321
73327
73328
73329
73330
73331
73332
73333
73334
73335
73336
73337
73338
73487
73488
73489
73490
73491
73492
73493
73494
73495
73496
73497
73498
73499
73500
73501
73872
73875
73876
73877
73878
73879
73880
73881
73882
73883
73884
73891
73892
73893
73894
73895
73896
73897
73898
73899
73900
73901
73902
73910
73911
73912
73913
73914
73915
73916
73917
73918
73919
73920
73921
73922
73923
73928
73929
73930
73931
73932
73933
73934
73935
73936
73937
73938
73939
73940
73941
73942
73943
73944
73945
73946
73947
73948
73949
74002
74003
74004
74005
74006
74007
74008
74009
74010
74011
74012
74018
74019
74020
74021
74022
74023
74024
74025
74026
74027
74033
74034
74035
74036
74037
74038
74039
74040
74041
74042
74043
74257
74258
74259
74260
74261
74262
74263
74264
74265
74266
74267
74268
74269
74270
74276
74277
74278
74279
74280
74281
74282
74283
74284
74285
74286
74287
74288
74289
74390
74391
74392
74393
74394
74395
74396
74397
74398
74399
74400
74401
74402
74403
74404
74405
74412
74413
74414
74415
74416
74417
74418
74419
74420
74421
74422
74423
74424
74425
74426
74427
74428
74429
74430
74431
74432
74433
74439
74440
74441
74442
74443
74444
74445
74446
74447
74448
74449
74450
74451
74452
74453
74454
74455
74456
74457
74458
74460
74461
74462
74463
74464
74465
74466
74467
74468
74469
74470
74471
74472
74473
74475
74476
74477
74478
74479
74480
74481
74482
75158
75159
75160
75161
75162
75163
75164
75165
75166
75167
75168
75169
75170
75171
75172
75173
75281
75282
75283
75284
75285
75286
75287
75288
75289
75290
75291
75292
75293
75294
75295
75296
75297
75303
75304
75305
75306
75307
75308
75309
75310
75311
75312
75313
75314
75315
75316
75317
75614
75615
75616
75617
75618
75619
75620
75621
75622
75623
75624
75625
75626
75627
75634
75635
75636
75637
75638
75639
75640
75641
75642
75643
75644
75645
75646
75647
75648
75666
75670
75672
75673
75674
75675
75676
75677
75678
75679
75680
75681
75682
75683
76561
76562
76563
76564
76565
76566
76567
76568
76569
76570
76571
76572
76573
76574
76575
76576
76577
76578
76579
76580
76581
76582
76583
76584
76585
76586
76587
76588
76594
76595
76596
76597
76598
76599
76600
76601
76602
76603
76604
76605
76606
76607
76608
76609
77083
77084
77085
77086
77087
77088
77089
77090
77091
77092
77093
77094
77095
77101
77102
77103
77104
77105
77106
77107
77108
77115
77116
77117
77118
77119
77120
77121
77122
77123
77124
77131
77132
77133
77134
77135
77136
77137
77138
77139
77140
77141
77142
77143
77144
77145
77146
77147
77148
77149
77150
77156
77157
77158
77159
77160
77161
77162
77163
77164
77165
77166
77167
77168
77169
77170
77171
77172
77173
77174
77175
77176
77177
77178
77179
77180
77181
77182
77183
77184
78318
78319
78320
78321
78322
78323
78324
78325
78326
78327
78328
78329
78330
78331
78332
78391
78392
78393
78394
78395
78396
78397
78398
78399
78400
78401
78402
78403
78404
78405
78418
78419
78420
78421
78422
78423
78424
78425
78426
78427
78428
78429
78430
78431
78432
78433
78434
78435
78436
78437
78438
78439
78440
78441
78442
78443
78444
78445
78446
78447
78453
78454
78455
78456
78457
78458
78459
78460
78461
78462
78463
78464
78537
78538
78539
78540
78542
78543
78544
78545
78546
78547
78548
78549
78567
78568
78569
78570
78571
78572
78573
78574
78575
78576
78577
78578
78579
78585
78586
78587
78588
78589
78590
78591
78592
78683
78684
78685
78686
78687
78688
78689
78690
78691
78692
78693
78694
78695
78701
78702
78703
78704
78710
78711
78712
78713
78714
78715
78716
78717
78718
78719
78720
80171
80172
80173
80180
80181
80182
80183
80184
80185
80186
80187
80188
80189
80190
80196
80197
80198
80199
80200
80201
80207
80208
80209
80210
80211
80212
80213
81119
81120
81121
81122
81123
81124
81125
81126
81127
81128
81135
81136
81137
81138
81139
81140
81141
81142
81143
81144
81145
81146
81147
81148
83420
83421
83422
83423
83424
83425
83426
83427
83428
83429
83430
83431
83432
83433
83440
83441
83442
83443
83444
83445
83446
83447
83448
83449
83450
83451
83452
83453
83454
83455
83456
84157
84158
84159
84160
84161
84162
84163
84164
84165
84166
84167
84168
84169
84170
84171
84172
84173
84174
84175
84176
84183
84184
84185
84186
84187
84188
84189
84190
84191
84192
84193
84194
84195
84196
84197
84198
84199
84200
84201
84202
84209
84210
84211
84212
84213
84214
84215
84216
84217
84218
84224
84237
84238
84245
84246
84247
84248
84249
84250
84251
84252
84253
84254
84255
84256
84257
84258
84259
84260
84261
84262
84263
84264
84265
84266
84267
84268
84269
84282
84283
84284
84285
84286
84287
84288
84289
84290
84296
84297
84298
84299
84300
84301
84302
84303
84304
84305
84311
84312
84313
84314
84315
84316
84317
84318
84319
84320
84321
84322
84324
84325
84326
84327
84328
84329
84330
84331
84332
84333
84334
84335
84336
84337
84344
84345
84346
84347
84348
84349
84350
84351
84352
84439
84440
84442
84443
84444
84445
84446
84447
84448
84449
84450
84451
84452
84453
84454
84455
84456
84457
84464
84465
84466
84467
84468
84469
84470
84471
84472
84473
84474
84475
84476
84477
84479
84480
85180
85181
85182
85183
85184
85185
85186
85187
85188
85189
85190
85197
85198
85199
85200
85201
85202
85203
85204
85205
85206
85207
85208
85209
85215
85216
85217
85218
85219
85220
85221
85222
85223
85224
85225
85226
85227
85234
85235
85236
85237
85238
85239
85240
85241
85242
85243
85245
85246
85247
85248
85261
85262
85263
85264
85265
85266
85267
85268
85270
85271
85272
85273
85274
85275
85276
85277
85278
85279
85280
85281
85288
85289
85290
85291
85292
85293
85294
85295
85296
85297
85304
85305
85306
85307
85308
85309
85310
85311
85312
85313
85314
85320
85321
85322
85323
85324
85325
85326
85327
85328
85329
85330
85331
85332
85333
85334
85426
85427
85428
85429
85430
85431
85432
85433
85434
85435
85436
85437
85438
85439
85440
85441
85442
85443
85444
85445
85446
85447
85448
85449
85456
85457
85458
85459
85460
85461
85462
85463
85464
85465
85466
85467
85468
85469
85470
85472
85473
85474
85475
85476
85477
85478
85479
85480
85482
85483
85484
85485
85486
85487
85488
85489
85490
85491
85492
85493
85494
85495
85496
85497
85498
85499
85500
85501
85502
85503
85526
85527
85528
85529
85530
85531
85532
85533
85534
85535
85536
85537
85538
85539
85542
85543
85544
85545
85546
85547
85548
85549
85550
85556
85557
85558
85559
85560
85561
85562
85563
85564
85565
85566
85567
85568
85569
85570
85571
85577
85578
85579
85580
85581
85582
85583
85584
85585
85586
85587
85588
85589
85590
85591
85592
85593
85594
85600
85601
85602
85603
85604
85605
85606
85607
85608
85609
85610
85611
85612
85613
85614
85615
85621
85622
85623
85624
85625
85626
85627
85628
85629
85630
85799
85800
85801
85802
85803
85804
85805
85806
85807
85808
85809
85810
85816
85817
85818
85819
85820
85821
85822
85823
85824
85825
85826
85827
85828
85829
85830
85831
85832
85833
85834
85835
85842
85843
85844
85845
85846
85847
85848
85849
85850
85851
85852
85853
85854
85855
85857
85858
85859
85860
85861
85862
85863
85864
85865
85866
85867
85868
85869
85870
85871
85872
85873
85874
85882
85883
85884
85885
85886
85887
85888
86124
86125
86126
86133
86134
86135
86136
86137
86138
86139
86140
86141
86142
86143
86144
86165
86166
86167
86168
86169
86170
86171
86172
86173
86174
86175
86176
86177
86178
86179
86180
86181
86182
86183
86184
86186
86187
86188
86189
86190
86191
86192
86193
86194
86195
86196
86197
86198
86199
86200
86201
86202
86203
86204
86205
86206
86334
86335
86336
86337
86338
86339
86340
86341
86342
86343
86344
86345
86346
86501
86502
86503
86504
86505
86506
86507
86508
86509
86510
86512
86513
86514
86515
86516
86517
86518
86519
86520
86521
86522
86523
86524
86525
86526
86527
86546
86547
86548
86549
86550
86551
86552
86553
86554
86555
86556
86557
86558
86559
86560
86561
86562
86563
86564
86565
86566
86567
86568
86569
86575
86576
86577
86578
86579
86580
86581
86582
86583
86584
86585
86586
86587
86594
86595
86596
86597
86598
86599
86600
86601
86602
86603
86604
86605
86606
87055
87056
87057
87058
87059
87060
87061
87062
87070
87071
87072
87073
87074
87075
87076
87077
87078
87079
87080
87081
87082
87083
87084
87085
87092
87093
87094
87095
87096
87097
87098
87105
87106
87107
87108
87109
87110
87111
87112
87113
87114
87115
87116
87117
87118
87119
87120
87121
87122
87123
87124
87125
87126
87127
87128
87129
87131
87132
87133
87134
87135
87136
87137
87138
87139
87140
87141
87142
87143
87144
87145
87146
87147
87148
87149
87150
87151
87152
87153
87154
87155
87157
87158
87159
87160
87161
87162
87163
87164
87165
87166
87167
87168
87771
87772
87773
87774
87775
87776
87777
87778
87789
87790
87791
87792
87793
87794
87795
87796
87797
87798
87799
87801
87802
87803
87804
87805
87806
87807
87808
87826
87827
87828
87829
87830
87831
87832
87833
87834
87835
87842
87843
87844
87845
87846
87847
87848
87849
87850
87851
87852
87853
87854
87855
87856
87857
87858
87859
87860
87861
87862
87863
87864
87866
87867
87868
87869
87870
87873
87874
87875
87876
87877
87878
87879
87880
87881
87887
87888
87889
87890
87891
87892
87893
87894
87895
87896
87897
87903
87904
87905
87906
87907
87908
87909
87910
87911
87912
87913
87914
87915
87916
87917
87918
87919
87920
87926
87927
87928
87929
87930
87931
87932
87933
87934
87935
87936
87983
87984
87985
87986
87987
87994
87995
87996
87997
87998
87999
88000
88001
88002
88003
88009
88010
88011
88012
88013
88014
88015
88016
88017
88018
88027
88028
88029
88030
88031
88032
88033
88034
88035
88043
88044
88045
88046
88047
88048
88049
88050
88051
88052
88053
88054
88055
88056
88057
88058
88059
88060
88061
88062
88063
88064
88080
88081
88082
88083
88084
88085
88086
88087
88088
88089
88090
88091
88092
88098
88099
88100
88101
88102
88103
88104
88105
88106
88107
88108
88109
88110
88114
88115
88116
88117
88118
88119
88120
88121
88122
88123
88125
88126
88127
88128
88129
88130
88131
88132
88133
88134
88135
88136
88137
88138
88139
88140
88141
88142
88149
88150
88157
88158
88159
88160
88161
88162
88163
88164
88165
88166
88172
88173
88174
88175
88176
88177
88178
88179
88180
88181
88182
88183
88184
88185
88186
88187
88188
88189
88190
88191
88192
88218
88219
88220
88221
88222
88223
88224
88225
88226
88227
88228
88229
88230
88231
88237
88238
88239
88240
88241
88242
88243
88244
88245
88251
88252
88253
88254
88255
88256
88257
88258
88259
88260
88261
88262
88269
88270
88271
88272
88273
88274
88275
88276
88277
88278
88279
88280
88281
88282
88283
88284
88291
88292
88293
88294
88295
88302
88303
88304
88305
88306
88307
88308
88309
88310
88311
88312
88318
88319
88320
88591
88592
88593
88594
88595
88596
88597
88598
88599
88600
88601
88602
88603
88604
88605
88606
88607
88608
88609
88610
88611
88612
88613
88614
88615
88616
88617
88618
88619
88620
88621
88622
88623
88624
88625
88633
88634
88635
88636
88637
88643
88644
88645
88646
88647
88648
88649
88650
88651
88652
88653
88660
88661
88662
88663
88664
88665
88723
88724
88725
88726
88727
88728
88729
88730
88731
88732
88733
88739
88740
88741
88742
88743
88744
88745
88746
88747
88748
88749
88751
88752
88753
88754
88755
88756
88757
88758
88759
88760
88761
88762
88763
88764
88765
88766
88767
88768
88769
88770
88771
88772
88773
88780
88781
88782
88783
88784
88785
88786
88787
88788
88789
88790
88791
88798
88799
88800
88801
88802
88803
88804
88805
88813
88814
88815
88816
88817
88818
88819
88820
88821
88822
88823
88824
88825
88831
88832
89105
89106
89107
89108
89114
89115
89116
89117
89118
89119
89120
89121
89749
89750
89751
89752
89753
89754
89755
89756
89757
89758
89763
89764
89765
89766
89767
89768
89775
89776
89777
89778
89779
89780
89781
89782
89783
89784
89785
89786
89787
89788
89789
89792
89793
89794
89795
89796
89797
89798
89799
89800
89801
89802
89803
89804
89805
89806
89807
89808
89809
89810
89811
89819
89820
89821
89822
89823
89824
89825
89826
89827
89828
89831
89832
89833
89834
89835
89836
89837
89838
89839
89840
89841
89842
89843
89844
89845
89846
89847
89848
89855
89856
89871
89872
89873
89874
89875
89876
89877
89878
89879
89880
89881
89882
90471
90472
90473
90474
90475
90476
90483
90484
90485
90486
90487
90488
90489
90490
90491
90492
90614
90615
90616
90617
90618
90619
90620
90621
90622
90869
90870
90871
90872
90873
90874
90897
90898
90899
90900
90901
90902
90903
90904
90905
90906
90907
90908
90914
90915
90916
90917
90918
90919
90920
90921
90922
90923
90924
90925
91159
91160
91161
91162
91163
91164
91165
91166
91167
91168
91174
91175
91176
91177
91178
91179
91180
91181
91182
91183
91184
91185
91186
91187
91188
91189
91195
91196
91197
91198
91199
91200
91201
91202
91203
91204
91210
91211
91212
91213
91214
91215
91216
91217
91218
91219
91220
91221
91222
91223
91224
91225
91226
91227
91228
91229
91230
91231
91232
91238
91239
91240
91241
91242
91243
91244
91245
91246
91247
91248
91249
91250
91251
91252
91253
91254
91255
91256
91257
91306
91307
91308
91309
91310
91311
91312
91313
91314
91315
91316
91317
91318
91319
91320
91321
91328
91329
91330
91331
91332
91333
91334
91335
91336
91337
91344
91345
91346
91347
91348
91349
91350
91351
91352
91353
91354
91355
91356
91357
91358
91359
91360
91361
91362
91363
91364
91365
91373
91374
91375
91376
91377
91378
91379
91380
91381
91382
91383
91384
91385
91386
91387
91388
91389
91390
91391
91538
91539
91540
91541
91542
91543
91544
91545
91546
91547
91548
91549
91550
91551
91552
91553
91560
91561
91562
91563
91564
91565
91566
91567
91568
91569
91570
91571
91572
91573
91574
91575
91576
91577
91578
91579
91580
91581
91582
91583
92658
92659
92660
92661
92662
92663
92664
92665
93239
93240
93241
93242
93243
93244
93245
93246
93247
93256
93257
93258
93259
93260
93261
93262
93263
93264
93265
93266
93267
93268
93274
93275
93276
93277
93278
93279
93280
93281
93282
93283
93284
93290
93291
93292
93293
93294
93295
93296
93297
93298
93299
93300
93301
93302
93303
93304
93310
93311
93312
93604
93605
93606
93607
93608
93609
93610
93611
93612
93613
93619
93620
93621
93622
93623
93624
93625
93626
93627
93633
93634
93635
93636
93637
93638
93639
93640
93641
93642
93643
93649
93650
93651
93652
93653
93654
93655
93656
93657
93658
93659
93660
93661
93662
93663
93664
93665
93666
93673
93674
93675
93676
93677
93678
93679
93680
93681
93682
93683
93684
93690
93691
93692
93693
93694
93695
93696
93982
93983
93984
93985
93986
93987
93988
93989
93990
93991
93992
93993
94000
94001
94002
94003
94004
94005
94006
94008
94009
94015
94016
94017
94018
94019
94020
94021
94022
94023
94029
94030
94031
94032
94033
94034
94035
94036
94037
94038
94045
94046
94047
94048
94049
94050
94051
94052
94053
94059
94060
94061
94062
94063
94064
94065
94066
94067
94068
94074
94075
94076
94077
94078
94079
94080
94124
94125
94126
94127
94128
94129
94130
94137
94138
94139
94140
94143
94144
94145
94146
94147
94148
94149
94150
94151
94152
94153
94154
94155
94156
94163
94164
94165
94166
94167
94168
94169
94170
94171
94172
94173
94174
94175
94176
94177
94178
94179
94185
94186
94187
94188
94189
94190
94191
94192
94193
94194
94195
94196
94197
94198
94199
94359
94360
94361
94362
94363
94364
94365
94366
94367
94368
94369
94370
94371
94372
94380
94381
94382
94383
94384
94385
94386
94387
94388
94389
94390
94391
94392
94393
94394
94400
94401
94402
94403
94404
94405
94406
94407
94408
94409
94410
94417
94418
94419
94420
94421
94422
94423
94424
94425
94426
94427
94428
94429
94430
